RepRapFirmware height map file v2 generated at 2018-07-23 19:29, mean error -0.018, deviation 0.078
xmin,xmax,ymin,ymax,radius,xspacing,yspacing,xnum,ynum
15.00,285.00,15.00,285.00,-1.00,20.00,20.00,14,14
 -0.208, -0.206, -0.192, -0.178, -0.146, -0.128, -0.115, -0.092, -0.071, -0.029,  0.009,  0.058,  0.108,  0.146
 -0.206, -0.188, -0.161, -0.157, -0.127, -0.110, -0.094, -0.086, -0.066, -0.037,  0.004,  0.031,  0.071,  0.103
 -0.183, -0.154, -0.150, -0.136, -0.118, -0.106, -0.094, -0.087, -0.084, -0.066, -0.024,  0.014,  0.041,  0.063
 -0.149, -0.126, -0.120, -0.116, -0.109, -0.089, -0.092, -0.078, -0.077, -0.057, -0.034, -0.011,  0.019,  0.032
 -0.111, -0.104, -0.097, -0.092, -0.089, -0.085, -0.077, -0.084, -0.079, -0.075, -0.050, -0.030, -0.006,  0.014
 -0.073, -0.072, -0.058, -0.054, -0.069, -0.065, -0.057, -0.068, -0.061, -0.057, -0.043, -0.029, -0.014, -0.004
 -0.028, -0.014, -0.021, -0.014, -0.035, -0.037, -0.040, -0.043, -0.056, -0.061, -0.051, -0.045, -0.034, -0.012
  0.009,  0.024,  0.014,  0.015,  0.001, -0.001, -0.014, -0.028, -0.041, -0.031, -0.032, -0.033, -0.027, -0.019
  0.051,  0.059,  0.054,  0.046,  0.019,  0.024, -0.004, -0.017, -0.019, -0.045, -0.043, -0.031, -0.038, -0.026
  0.083,  0.079,  0.078,  0.071,  0.061,  0.039,  0.038,  0.018, -0.008, -0.008, -0.014, -0.027, -0.031, -0.024
  0.105,  0.100,  0.097,  0.069,  0.070,  0.046,  0.039,  0.004, -0.001, -0.030, -0.014, -0.037, -0.026, -0.031
  0.126,  0.121,  0.118,  0.109,  0.091,  0.078,  0.061,  0.051,  0.025,  0.001, -0.013, -0.021, -0.029, -0.018
  0.129,  0.135,  0.129,  0.118,  0.099,  0.081,  0.055,  0.037,  0.010, -0.008, -0.010, -0.028, -0.035, -0.022
  0.135,  0.142,  0.139,  0.129,  0.110,  0.098,  0.076,  0.052,  0.029,  0.017,  0.000, -0.019, -0.029, -0.015
